=--------------------
polygamy test for N=5 and Mermin 4
pass: violation M>4 for all 4-subsets
2 jobs, 10000 shots, 6 rep
15 sets
[0,1,2,3,4],[11,12,13,14,15],[20,21,22,23,24],[31,32,33,34,35],[40,41,42,43,44],[51,52,53,54,55],[60,61,62,63,64],[71,72,73,74,75],[80,81,82,83,84],[91,92,93,94,95]
[100,101,102,103,104],[111,112,113,114,115],[120,121,122,123,124],[131,132,133,134,135],[140,141,142,143,144],[151,152,153,154,155]

passed sets: 0,2,10,14
--------------------
Set 0
Trials 120000
Mermin correlations excl 0
0.3049 0.308725 0.29935833333333334 0.295575 0.2937 0.28689166666666666 0.2992416666666667 0.2863833333333333 0.24745833333333334 0.24528333333333333 0.2579166666666667 0.25228333333333336 0.2510833333333333 0.25456666666666666 0.24445833333333333 0.24731666666666666 
M =  4.375141666666667 +- 0.007851294346305352
Mermin correlations excl 1
0.30165 0.2876916666666667 0.292525 0.2864333333333333 0.2968 0.29384166666666667 0.302125 0.28263333333333335 0.254925 0.24146666666666666 0.2536 0.252025 0.2584916666666667 0.26259166666666667 0.2537333333333333 0.2621833333333333 
M =  4.382716666666667 +- 0.007850959621105068
Mermin correlations excl 2
0.2885666666666667 0.293525 0.275225 0.27145833333333336 0.2962916666666667 0.288025 0.288775 0.2783 0.25375 0.24234166666666668 0.26445 0.2517333333333333 0.24916666666666668 0.25576666666666664 0.241075 0.25345 
M =  4.2919 +- 0.007864283234377387
Mermin correlations excl 3
0.3082416666666667 0.3078 0.2875333333333333 0.28795 0.312775 0.294225 0.29404166666666665 0.28374166666666667 0.24735 0.2373 0.24045 0.2394 0.23598333333333332 0.24016666666666667 0.23675 0.24800833333333333 
M =  4.301716666666667 +- 0.007860698785724094
Mermin correlations excl 4
0.29825833333333335 0.304625 0.27863333333333334 0.2713833333333333 0.31023333333333336 0.28525833333333334 0.27353333333333335 0.2756166666666667 0.24689166666666668 0.251825 0.24676666666666666 0.2647833333333333 0.25969166666666665 0.264575 0.2611 0.24536666666666668 
M =  4.338541666666667 +- 0.007857418211506935
Minimal violation: 4.2919
Set 1
Trials 120000
Mermin correlations excl 0
0.26453333333333334 0.2504166666666667 0.228475 0.22025 0.247 0.2393 0.2668583333333333 0.23466666666666666 0.25643333333333335 0.251375 0.26624166666666665 0.26790833333333336 0.25424166666666664 0.2587583333333333 0.24219166666666667 0.24349166666666666 
M =  3.9921416666666665 +- 0.007905931522040405
Mermin correlations excl 1
0.26176666666666665 0.24039166666666667 0.24928333333333333 0.22344166666666668 0.26790833333333336 0.24169166666666667 0.26876666666666665 0.23794166666666666 0.27318333333333333 0.25238333333333335 0.25785833333333336 0.26121666666666665 0.2662 0.2766 0.26650833333333335 0.26509166666666667 
M =  4.110233333333333 +- 0.007890093571066518
Mermin correlations excl 2
0.26765833333333333 0.270025 0.24384166666666668 0.23275833333333334 0.25404166666666667 0.245525 0.2729333333333333 0.2528916666666667 0.24736666666666668 0.25056666666666666 0.25701666666666667 0.24485 0.249375 0.24815 0.24606666666666666 0.2592 
M =  4.0422666666666665 +- 0.007899646894285727
Mermin correlations excl 3
0.24999166666666667 0.254425 0.24335833333333334 0.2205 0.26088333333333336 0.25151666666666667 0.23230833333333334 0.24164166666666667 0.26858333333333334 0.25371666666666665 0.25298333333333334 0.25154166666666666 0.251125 0.2505 0.27019166666666666 0.25475 
M =  4.008016666666666 +- 0.007904047462054324
Mermin correlations excl 4
0.24263333333333334 0.241175 0.238075 0.22208333333333333 0.25188333333333335 0.22239166666666665 0.23386666666666667 0.23664166666666667 0.271025 0.26326666666666665 0.24268333333333333 0.25255833333333333 0.254925 0.24845833333333334 0.273475 0.25366666666666665 
M =  3.9488083333333335 +- 0.007911507535524715
Minimal violation: 3.9488083333333335
Set 2
Trials 120000
Mermin correlations excl 0
0.270775 0.26029166666666664 0.26768333333333333 0.259225 0.2578916666666667 0.24484166666666668 0.27141666666666664 0.24079166666666665 0.27384166666666665 0.26874166666666666 0.27065 0.2716166666666667 0.270025 0.27568333333333334 0.2820916666666667 0.27413333333333334 
M =  4.2597 +- 0.007869798817115657
Mermin correlations excl 1
0.2926916666666667 0.2659 0.283125 0.2669166666666667 0.280725 0.2555 0.27610833333333334 0.25556666666666666 0.2669166666666667 0.26106666666666667 0.25485 0.277825 0.28235 0.265875 0.28315833333333335 0.280075 
M =  4.34865 +- 0.007857061671733646
Mermin correlations excl 2
0.276575 0.25740833333333335 0.25869166666666665 0.25316666666666665 0.2745166666666667 0.2517666666666667 0.2632333333333333 0.2521833333333333 0.27875833333333333 0.2762 0.2720916666666667 0.2831916666666667 0.28965833333333335 0.2653583333333333 0.28018333333333334 0.28568333333333334 
M =  4.318666666666667 +- 0.007861281622021994
Mermin correlations excl 3
0.271775 0.25575 0.24634166666666665 0.24491666666666667 0.25480833333333336 0.23331666666666667 0.22955 0.230125 0.27498333333333336 0.2716 0.27765833333333334 0.291 0.2975583333333333 0.29215 0.28715833333333335 0.2833833333333333 
M =  4.242075 +- 0.00787062870074337
Mermin correlations excl 4
0.281725 0.2750416666666667 0.26900833333333335 0.27026666666666666 0.27003333333333335 0.25985833333333336 0.26718333333333333 0.25419166666666665 0.26145833333333335 0.27336666666666665 0.26834166666666665 0.27571666666666667 0.28794166666666665 0.27184166666666665 0.2851166666666667 0.2726166666666667 
M =  4.343708333333334 +- 0.007858008780689662
Minimal violation: 4.242075
Set 3
Trials 120000
Mermin correlations excl 0
0.292375 0.186 0.18506666666666666 0.189325 0.26006666666666667 0.2661833333333333 0.29728333333333334 0.18286666666666668 0.21135 0.219875 0.22620833333333334 0.22170833333333334 0.22133333333333333 0.19725833333333334 0.20548333333333332 0.20569166666666666 
M =  3.568075 +- 0.007953969398654599
Mermin correlations excl 1
0.33631666666666665 0.21465833333333334 0.22843333333333332 0.21228333333333332 0.33445 0.325825 0.34065 0.20695833333333333 0.182125 0.201275 0.176925 0.197025 0.19485 0.20156666666666667 0.20404166666666668 0.19028333333333333 
M =  3.7476666666666665 +- 0.007923182007857047
Mermin correlations excl 2
0.22099166666666667 0.2519166666666667 0.18409166666666665 0.17135833333333333 0.25051666666666667 0.24893333333333334 0.2723 0.20314166666666666 0.170425 0.19155833333333333 0.1703 0.161025 0.17340833333333333 0.19649166666666668 0.20468333333333333 0.21481666666666666 
M =  3.2859583333333333 +- 0.007986164003043446
Mermin correlations excl 3
0.238125 0.2657583333333333 0.23281666666666667 0.19311666666666666 0.277 0.290525 0.26815833333333333 0.20786666666666667 0.1766 0.19273333333333334 0.18508333333333332 0.16883333333333334 0.16430833333333333 0.18621666666666667 0.19211666666666666 0.20701666666666665 
M =  3.446275 +- 0.007966698214339995
Mermin correlations excl 4
0.23571666666666666 0.2618666666666667 0.22504166666666667 0.20998333333333333 0.2709666666666667 0.2674666666666667 0.2615166666666667 0.19708333333333333 0.17441666666666666 0.18765833333333334 0.167 0.15949166666666667 0.15855833333333333 0.178175 0.20199166666666668 0.211175 
M =  3.3681083333333333 +- 0.007975923819362876
Minimal violation: 3.2859583333333333
Set 4
Trials 120000
Mermin correlations excl 0
0.3086833333333333 0.28326666666666667 0.27405 0.2798 0.29129166666666667 0.2870083333333333 0.300625 0.269225 0.21015 0.216575 0.3002166666666667 0.28975 0.21169166666666667 0.20309166666666667 0.11908333333333333 0.11678333333333334 
M =  3.961291666666667 +- 0.007895665848652436
Mermin correlations excl 1
0.297925 0.27653333333333335 0.26965 0.2730916666666667 0.29106666666666664 0.28330833333333333 0.2934333333333333 0.27663333333333334 0.204075 0.19705 0.28241666666666665 0.28591666666666665 0.20295 0.20870833333333333 0.12268333333333334 0.115225 
M =  3.8806666666666665 +- 0.007906961225402787
Mermin correlations excl 2
0.283775 0.27986666666666665 0.27100833333333335 0.2693 0.2774583333333333 0.273475 0.279175 0.2794083333333333 0.21805 0.20691666666666667 0.30759166666666665 0.300275 0.21348333333333333 0.223175 0.11683333333333333 0.12441666666666666 
M =  3.9242083333333335 +- 0.007902465128145932
Mermin correlations excl 3
0.284125 0.2851166666666667 0.2708 0.28315833333333335 0.28689166666666666 0.28670833333333334 0.28710833333333335 0.28096666666666664 0.197 0.1926 0.19959166666666667 0.20674166666666666 0.20006666666666667 0.214075 0.202425 0.1954 
M =  3.872775 +- 0.007914936750082877
Mermin correlations excl 4
0.27405833333333335 0.27076666666666666 0.260375 0.27331666666666665 0.28513333333333335 0.27265 0.2778 0.27974166666666667 0.18450833333333333 0.20548333333333332 0.19104166666666667 0.19886666666666666 0.20671666666666666 0.20416666666666666 0.20115833333333333 0.19440833333333332 
M =  3.7801916666666666 +- 0.007927543320297705
Minimal violation: 3.7801916666666666
Set 5
Trials 120000
Mermin correlations excl 0
0.24455 0.22595833333333334 0.220075 0.20614166666666667 0.23304166666666667 0.21789166666666668 0.25488333333333335 0.20944166666666666 0.26869166666666666 0.2487 0.2716 0.26229166666666665 0.26775 0.2688083333333333 0.256725 0.27155833333333335 
M =  3.9281083333333333 +- 0.007912907229606792
Mermin correlations excl 1
0.2191 0.19761666666666666 0.22163333333333332 0.19956666666666667 0.23239166666666666 0.20581666666666668 0.2224 0.18211666666666668 0.26569166666666666 0.261325 0.2646833333333333 0.2714666666666667 0.271225 0.278525 0.27668333333333334 0.2754333333333333 
M =  3.845675 +- 0.007921176634806425
Mermin correlations excl 2
0.22899166666666668 0.22825833333333334 0.21294166666666667 0.204825 0.22444166666666668 0.20755833333333334 0.22846666666666668 0.2039 0.2508416666666667 0.2684666666666667 0.26976666666666665 0.258475 0.2744666666666667 0.2568166666666667 0.25979166666666664 0.27025 
M =  3.8482583333333333 +- 0.007922684721657471
Mermin correlations excl 3
0.21905 0.21959166666666666 0.21291666666666667 0.19965833333333333 0.2252 0.21105833333333332 0.194675 0.19135 0.28108333333333335 0.268925 0.27313333333333334 0.2738583333333333 0.27791666666666665 0.2781416666666667 0.2782833333333333 0.2865916666666667 
M =  3.8914333333333335 +- 0.007914575226663686
Mermin correlations excl 4
0.22365 0.23185833333333333 0.22580833333333333 0.20141666666666666 0.228675 0.212775 0.21141666666666667 0.20156666666666667 0.27935 0.2937916666666667 0.282525 0.28323333333333334 0.28324166666666667 0.27579166666666666 0.2863833333333333 0.2875083333333333 
M =  4.008991666666667 +- 0.007899477283951411
Minimal violation: 3.845675
Set 6
Trials 120000
Mermin correlations excl 0
0.13621666666666668 -0.06269166666666667 -0.225875 -0.25800833333333334 0.18823333333333334 0.207525 0.17723333333333333 -0.14935833333333334 -0.45945833333333336 0.10960833333333334 0.08321666666666666 0.055225 -0.13618333333333332 -0.27595833333333336 -0.0014833333333333332 0.027166666666666665 
M =  -0.5845916666666666 +- 0.008010196389671076
Mermin correlations excl 1
0.263975 0.137 -0.05085 -0.04600833333333333 0.030216666666666666 0.05325833333333333 0.18305833333333332 0.1241 -0.04448333333333333 0.043025 -0.16093333333333334 -0.13653333333333334 0.021133333333333334 -0.07179166666666667 -0.21939166666666668 -0.209275 
M =  -0.0835 +- 0.00809019078191185
Mermin correlations excl 2
-0.05380833333333333 0.045525 0.0601 0.047975 -0.0102 0.015383333333333334 -0.00985 0.03523333333333333 -0.011925 0.12963333333333332 0.012375 -0.017275 0.2500833333333333 -0.013666666666666667 -0.07806666666666667 -0.065625 
M =  0.33589166666666664 +- 0.008138619702880422
Mermin correlations excl 3
-0.07583333333333334 0.08535 -0.06525833333333333 -0.13251666666666667 0.013533333333333333 -0.024583333333333332 -0.010166666666666666 0.08253333333333333 0.057558333333333336 0.024075 -0.00019166666666666667 -0.15665 0.13356666666666667 -0.16531666666666667 0.029133333333333334 -0.018308333333333333 
M =  -0.223075 +- 0.008134970122596886
Mermin correlations excl 4
-0.04989166666666667 0.08783333333333333 -0.11806666666666667 -0.14334166666666667 0.01649166666666667 -0.04761666666666667 -0.036375 0.109525 0.00435 0.0222 -0.026558333333333333 -0.15186666666666668 0.14054166666666668 -0.14493333333333333 0.031891666666666665 -0.022825 
M =  -0.32864166666666667 +- 0.00813246454175232
Minimal violation: -0.5845916666666666
Set 7
Trials 120000
Mermin correlations excl 0
0.2633 0.22410833333333333 0.21800833333333333 0.22650833333333334 0.21906666666666666 0.21909166666666666 0.25075 0.20196666666666666 0.25625 0.24705833333333332 0.24973333333333333 0.25201666666666667 0.2556083333333333 0.270775 0.2586833333333333 0.26143333333333335 
M =  3.8743583333333333 +- 0.00792029493627631
Mermin correlations excl 1
0.2734916666666667 0.22798333333333334 0.23226666666666668 0.23065833333333333 0.23370833333333332 0.227525 0.2517916666666667 0.22896666666666668 0.25793333333333335 0.26274166666666665 0.24613333333333334 0.259425 0.2709666666666667 0.27018333333333333 0.27924166666666667 0.2703833333333333 
M =  4.0234 +- 0.00790118980718809
Mermin correlations excl 2
0.25240833333333335 0.22858333333333333 0.21725 0.21509166666666665 0.22173333333333334 0.22803333333333334 0.2497 0.21098333333333333 0.249175 0.259025 0.2531333333333333 0.2512916666666667 0.27755833333333335 0.2628 0.262875 0.269725 
M =  3.9093666666666667 +- 0.007915750477467553
Mermin correlations excl 3
0.2514 0.24094166666666667 0.224425 0.2329 0.24869166666666667 0.23949166666666666 0.23708333333333334 0.23105 0.24416666666666667 0.24774166666666667 0.25455 0.253125 0.25621666666666665 0.259025 0.2519166666666667 0.24904166666666666 
M =  3.9217666666666666 +- 0.007915505300121401
Mermin correlations excl 4
0.240475 0.2301 0.21859166666666666 0.22024166666666667 0.2322 0.21060833333333334 0.23161666666666667 0.22005 0.257525 0.2643583333333333 0.262225 0.2659 0.27398333333333336 0.26105833333333334 0.2697583333333333 0.26326666666666665 
M =  3.9219583333333334 +- 0.007914024900947211
Minimal violation: 3.8743583333333333
Set 8
Trials 120000
Mermin correlations excl 0
0.27473333333333333 0.2844583333333333 0.292875 0.27881666666666666 0.29765833333333336 0.27868333333333334 0.295775 0.292475 0.25301666666666667 0.24574166666666666 0.26636666666666664 0.2583 0.22015 0.23251666666666668 0.20315833333333333 0.214275 
M =  4.189 +- 0.007876390775264768
Mermin correlations excl 1
0.29186666666666666 0.2901166666666667 0.3002666666666667 0.26810833333333334 0.2886166666666667 0.274175 0.28923333333333334 0.272625 0.21210833333333334 0.22635 0.2598916666666667 0.255975 0.24278333333333332 0.252425 0.229325 0.21251666666666666 
M =  4.166383333333333 +- 0.007879944382485501
Mermin correlations excl 2
0.25876666666666664 0.257175 0.2843 0.25011666666666665 0.26626666666666665 0.25758333333333333 0.283275 0.25593333333333335 0.23891666666666667 0.257425 0.2703833333333333 0.25865 0.22250833333333334 0.218175 0.210875 0.20428333333333334 
M =  3.9946333333333333 +- 0.007904074971683031
Mermin correlations excl 3
0.2736166666666667 0.2683 0.27845 0.28305 0.26109166666666667 0.273775 0.29615 0.27060833333333334 0.24425833333333333 0.27805833333333335 0.2564 0.22751666666666667 0.23459166666666667 0.21876666666666666 0.243325 0.25738333333333335 
M =  4.1653416666666665 +- 0.007881574852929228
Mermin correlations excl 4
0.2843 0.27341666666666664 0.27915833333333334 0.28655833333333336 0.27450833333333335 0.2606 0.284075 0.2680416666666667 0.23636666666666667 0.2888833333333333 0.24236666666666667 0.22645833333333334 0.23893333333333333 0.1967 0.237325 0.2529166666666667 
M =  4.130608333333333 +- 0.007885414244623875
Minimal violation: 3.9946333333333333
Set 9
Trials 120000
Mermin correlations excl 0
0.27616666666666667 0.23680833333333334 0.23825833333333332 0.23369166666666666 0.24961666666666665 0.242575 0.26925 0.221125 0.25166666666666665 0.253675 0.2535 0.254475 0.2648 0.26203333333333334 0.25955 0.26460833333333333 
M =  4.0318 +- 0.007900648930435445
Mermin correlations excl 1
0.25916666666666666 0.236775 0.24419166666666667 0.24 0.254025 0.2418 0.25206666666666666 0.2388 0.25114166666666665 0.246475 0.24055 0.25960833333333333 0.2685916666666667 0.2552083333333333 0.26079166666666664 0.2535833333333333 
M =  4.002775 +- 0.007904985044887552
Mermin correlations excl 2
0.2626833333333333 0.24809166666666665 0.23789166666666667 0.23928333333333332 0.24745833333333334 0.23681666666666668 0.25569166666666665 0.238675 0.236 0.24684166666666665 0.24798333333333333 0.24721666666666667 0.2705166666666667 0.24553333333333333 0.2487 0.2603916666666667 
M =  3.969775 +- 0.007909271266257867
Mermin correlations excl 3
0.24414166666666667 0.2407 0.23050833333333334 0.22344166666666668 0.24580833333333332 0.23489166666666667 0.22689166666666666 0.22618333333333332 0.25555833333333333 0.24380833333333332 0.2508666666666667 0.261575 0.27189166666666664 0.27266666666666667 0.2675166666666667 0.26608333333333334 
M =  3.9625333333333335 +- 0.007909492635178888
Mermin correlations excl 4
0.24378333333333332 0.24683333333333332 0.2223 0.22449166666666667 0.24120833333333333 0.23929166666666668 0.23265 0.22561666666666666 0.25083333333333335 0.25765 0.25705 0.25959166666666667 0.277175 0.2642333333333333 0.26608333333333334 0.26709166666666667 
M =  3.9758833333333334 +- 0.007907752360736068
Minimal violation: 3.9625333333333335
Set 10
Trials 120000
Mermin correlations excl 0
0.2836166666666667 0.25695833333333334 0.2725416666666667 0.2721 0.2607083333333333 0.2670166666666667 0.2887 0.253375 0.27894166666666664 0.27686666666666665 0.2815166666666667 0.275625 0.26855 0.26729166666666665 0.25348333333333334 0.27110833333333334 
M =  4.3284 +- 0.007860078845628124
Mermin correlations excl 1
0.2916916666666667 0.2418 0.2769916666666667 0.2632083333333333 0.27923333333333333 0.26781666666666665 0.28605833333333336 0.26400833333333334 0.2622 0.271225 0.24555 0.2546 0.2707583333333333 0.2544166666666667 0.273325 0.2815416666666667 
M =  4.284425 +- 0.007866008344390196
Mermin correlations excl 2
0.28613333333333335 0.244075 0.2718333333333333 0.26798333333333335 0.2728 0.26843333333333336 0.2909 0.27219166666666667 0.2771166666666667 0.28195 0.26715 0.26863333333333334 0.27168333333333333 0.2601333333333333 0.2748083333333333 0.27834166666666665 
M =  4.354166666666667 +- 0.007856356753745951
Mermin correlations excl 3
0.2694916666666667 0.25221666666666664 0.24565 0.260875 0.26215 0.2773833333333333 0.27691666666666664 0.26419166666666666 0.27863333333333334 0.259925 0.2694166666666667 0.2699666666666667 0.26413333333333333 0.27458333333333335 0.27765 0.287825 
M =  4.291008333333333 +- 0.007865392826091932
Mermin correlations excl 4
0.26758333333333334 0.25985833333333336 0.2603 0.27165833333333333 0.254725 0.2517 0.269675 0.25356666666666666 0.2577583333333333 0.288975 0.258225 0.26369166666666666 0.2709666666666667 0.25671666666666665 0.26785 0.27216666666666667 
M =  4.225416666666667 +- 0.007874737042567411
Minimal violation: 4.225416666666667
Set 11
Trials 120000
Mermin correlations excl 0
0.162275 -0.045075 -0.013958333333333333 -0.04495 0.10901666666666666 0.14209166666666667 0.24145 0.04550833333333333 -0.03796666666666667 0.025108333333333333 -0.005591666666666667 -0.013475 -0.030475 0.009541666666666667 -0.15229166666666666 -0.04125 
M =  0.3499583333333333 +- 0.008126288903697319
Mermin correlations excl 1
-0.13580833333333334 -0.023483333333333332 0.07130833333333333 0.0027166666666666667 -0.006966666666666667 -0.05995 -0.093025 0.06605833333333333 -0.124525 -0.018458333333333334 0.06419166666666666 0.1121 -0.11970833333333333 -0.04414166666666667 -0.222925 -0.0693 
M =  -0.6019166666666667 +- 0.008128125474959759
Mermin correlations excl 2
0.10055 -0.0619 0.121875 0.10645 0.027983333333333332 0.044566666666666664 0.0248 0.0203 -0.004575 0.11650833333333334 0.0205 0.07625 -0.08170833333333333 0.07159166666666666 -0.27374166666666666 -0.205725 
M =  0.103725 +- 0.008115619779070327
Mermin correlations excl 3
0.051925 0.10153333333333334 0.06138333333333333 0.021291666666666667 0.017641666666666667 -0.0152 -0.08814166666666666 0.11304166666666667 -0.042091666666666666 -0.038316666666666666 0.16058333333333333 0.28228333333333333 -0.03945 0.017783333333333335 -0.020583333333333332 0.030208333333333334 
M =  0.6138916666666666 +- 0.008126541996928069
Mermin correlations excl 4
0.08313333333333334 0.07753333333333333 -0.06089166666666666 0.019491666666666668 -0.030366666666666667 0.08035 -0.075725 0.068275 -0.062025 0.019666666666666666 0.10196666666666666 0.13065 0.06035 0.0012083333333333334 0.0010583333333333334 -0.0185 
M =  0.396175 +- 0.008146964733395346
Minimal violation: -0.6019166666666667
Set 12
Trials 120000
Mermin correlations excl 0
0.024066666666666667 0.029808333333333333 0.03515833333333333 0.03896666666666666 0.053625 0.047275 0.014983333333333333 0.032125 -0.028866666666666665 -0.003758333333333333 0.00805 0.004108333333333334 -0.03436666666666666 -0.02145 -0.07435 -0.07235 
M =  0.053025 +- 0.00815885969398153
Mermin correlations excl 1
0.1872 0.050775 0.08274166666666667 0.09128333333333333 0.193275 0.19123333333333334 0.187325 0.096475 -0.004258333333333334 -0.08135833333333334 -0.08225833333333334 -0.06598333333333334 -0.06935 -0.009 -0.014791666666666667 -0.019708333333333335 
M =  0.7336 +- 0.008115217329854074
Mermin correlations excl 2
-0.10254166666666667 -0.007241666666666667 -0.037316666666666665 -0.04605 -0.12365 -0.12838333333333332 -0.03423333333333333 -0.108625 0.08563333333333334 -0.0081 0.019725 0.015916666666666666 -0.044825 -0.07856666666666667 -0.009066666666666667 -0.024091666666666667 
M =  -0.6314166666666666 +- 0.008145625361191384
Mermin correlations excl 3
-0.11933333333333333 -0.0016666666666666668 -0.019591666666666667 -0.024258333333333333 -0.13115833333333332 -0.12705833333333333 -0.0417 -0.08164166666666667 0.09185833333333333 0.0093 0.03426666666666667 0.04024166666666667 -0.026725 -0.08925833333333333 -0.0010333333333333334 -0.008058333333333334 
M =  -0.4958166666666667 +- 0.00814528712856881
Mermin correlations excl 4
-0.11206666666666666 0.007291666666666667 -0.021891666666666667 -0.025158333333333335 -0.14078333333333334 -0.1345 -0.04153333333333333 -0.08494166666666667 0.097 -0.005866666666666667 0.03815 0.04855 -0.04158333333333333 -0.088775 -0.0028 -0.005383333333333334 
M =  -0.5142916666666667 +- 0.008143638229794236
Minimal violation: -0.6314166666666666
Set 13
Trials 120000
Mermin correlations excl 0
0.30516666666666664 0.142125 0.16315 0.14754166666666665 0.27291666666666664 0.2569166666666667 0.27558333333333335 0.1363 0.31528333333333336 0.24265833333333334 0.230475 0.24225 0.238 0.31171666666666664 0.32435 0.30846666666666667 
M =  3.9129 +- 0.007900162829941123
Mermin correlations excl 1
0.19645833333333335 0.08810833333333333 0.09463333333333333 0.067175 0.20309166666666667 0.17814166666666667 0.1953 0.060525 0.349875 0.23094166666666666 0.23851666666666665 0.24433333333333335 0.25065 0.36535 0.3571416666666667 0.36168333333333336 
M =  3.481925 +- 0.007926322302040321
Mermin correlations excl 2
0.18816666666666668 0.18630833333333333 0.11365 0.09078333333333333 0.19370833333333334 0.17264166666666667 0.175275 0.100525 0.227125 0.20373333333333332 0.24989166666666668 0.2621833333333333 0.294625 0.29986666666666667 0.27805833333333335 0.260975 
M =  3.2975166666666667 +- 0.007972385316360665
Mermin correlations excl 3
0.19419166666666668 0.20554166666666668 0.129175 0.11340833333333333 0.19695833333333335 0.19408333333333333 0.17180833333333334 0.12260833333333333 0.22185833333333332 0.20093333333333332 0.235975 0.2539416666666667 0.2990083333333333 0.2966 0.27684166666666665 0.246325 
M =  3.3592583333333335 +- 0.007970001569524888
Mermin correlations excl 4
0.21353333333333332 0.21208333333333335 0.147925 0.14733333333333334 0.20665 0.22075 0.19290833333333332 0.138 0.229725 0.20611666666666667 0.237325 0.245075 0.297525 0.297175 0.27860833333333335 0.2666 
M =  3.537333333333333 +- 0.00795324043280124
Minimal violation: 3.2975166666666667
Set 14
Trials 120000
Mermin correlations excl 0
0.264225 0.23235833333333333 0.22965833333333333 0.232825 0.24165833333333334 0.24161666666666667 0.2508 0.22933333333333333 0.2953 0.28460833333333335 0.29501666666666665 0.29060833333333336 0.29060833333333336 0.3032666666666667 0.2966 0.29809166666666664 
M =  4.276575 +- 0.00786448409928196
Mermin correlations excl 1
0.2607083333333333 0.22995833333333332 0.25154166666666666 0.23486666666666667 0.25595833333333334 0.23754166666666668 0.25898333333333334 0.22629166666666667 0.2949 0.2982166666666667 0.27498333333333336 0.30025 0.2965833333333333 0.296675 0.314075 0.3065833333333333 
M =  4.338116666666667 +- 0.00785552207844902
Mermin correlations excl 2
0.264275 0.2287 0.2416 0.24060833333333334 0.24201666666666666 0.24308333333333335 0.25156666666666666 0.23573333333333332 0.2796 0.2935083333333333 0.29115 0.28958333333333336 0.30335833333333334 0.28710833333333335 0.29106666666666664 0.3036 
M =  4.286558333333334 +- 0.007863622513695904
Mermin correlations excl 3
0.23978333333333332 0.23478333333333334 0.230225 0.22958333333333333 0.241075 0.22883333333333333 0.22510833333333333 0.22378333333333333 0.3042666666666667 0.29494166666666666 0.29801666666666665 0.30511666666666665 0.3198 0.32295 0.31185833333333335 0.3183416666666667 
M =  4.3284666666666665 +- 0.007853817915886692
Mermin correlations excl 4
0.25040833333333334 0.25078333333333336 0.24751666666666666 0.242075 0.25106666666666666 0.23750833333333332 0.24819166666666667 0.23415 0.2854833333333333 0.2866666666666667 0.2828583333333333 0.30405 0.30906666666666666 0.30080833333333334 0.3126583333333333 0.2895083333333333 
M =  4.3328 +- 0.007856779624962855
Minimal violation: 4.276575